#1243B4	rgb( 18, 67,180)	rgba( 18, 67,180,1)	rgb0(0.071,0.263,0.706)
#5779C6	rgb( 87,121,198)	rgba( 87,121,198,1)	rgb0(0.341,0.475,0.776)
#355DB9	rgb( 53, 93,185)	rgba( 53, 93,185,1)	rgb0(0.208,0.365,0.725)
#0C328A	rgb( 12, 50,138)	rgba( 12, 50,138,1)	rgb0(0.047,0.196,0.541)
#08266D	rgb(  8, 38,109)	rgba(  8, 38,109,1)	rgb0(0.031,0.149,0.427)
#3B14B8	rgb( 59, 20,184)	rgba( 59, 20,184,1)	rgb0(0.231,0.078,0.722)
#745AC9	rgb(116, 90,201)	rgba(116, 90,201,1)	rgb0(0.455,0.353,0.788)
#5738BD	rgb( 87, 56,189)	rgba( 87, 56,189,1)	rgb0(0.341,0.22,0.741)
#2C0E8E	rgb( 44, 14,142)	rgba( 44, 14,142,1)	rgb0(0.173,0.055,0.557)
#210970	rgb( 33,  9,112)	rgba( 33,  9,112,1)	rgb0(0.129,0.035,0.439)
#FFD300	rgb(255,211,  0)	rgba(255,211,  0,1)	rgb0(1,0.827,0)
#FFE460	rgb(255,228, 96)	rgba(255,228, 96,1)	rgb0(1,0.894,0.376)
#FFDC34	rgb(255,220, 52)	rgba(255,220, 52,1)	rgb0(1,0.863,0.204)
#CEAB00	rgb(206,171,  0)	rgba(206,171,  0,1)	rgb0(0.808,0.671,0)
#A28600	rgb(162,134,  0)	rgba(162,134,  0,1)	rgb0(0.635,0.525,0)
#FFAA00	rgb(255,170,  0)	rgba(255,170,  0,1)	rgb0(1,0.667,0)
#FFCA60	rgb(255,202, 96)	rgba(255,202, 96,1)	rgb0(1,0.792,0.376)
#FFBB34	rgb(255,187, 52)	rgba(255,187, 52,1)	rgb0(1,0.733,0.204)
#CE8A00	rgb(206,138,  0)	rgba(206,138,  0,1)	rgb0(0.808,0.541,0)
#A26C00	rgb(162,108,  0)	rgba(162,108,  0,1)	rgb0(0.635,0.424,0)
